runid,topic,ndcg@20,err@20
Default,301,0.37729,0.09095
Default,302,0.64052,0.15121
Default,303,0.14876,0.01836
Default,304,0.14583,0.02862
Default,305,0.03962,0.00568
Default,306,0.34130,0.08817
Default,307,0.23682,0.04441
Default,308,0.73922,0.09602
Default,309,0.00000,0.00000
Default,310,0.33366,0.08630
Default,311,1.00000,0.17613
Default,312,0.84895,0.12423
Default,313,1.00000,0.17613
Default,314,0.00000,0.00000
Default,315,0.14204,0.06250
Default,316,0.95894,0.17378
Default,317,0.70256,0.14329
Default,318,0.08962,0.03125
Default,319,0.07392,0.00933
Default,320,0.00000,0.00000
Default,321,0.92608,0.17275
Default,322,0.00000,0.00000
Default,323,0.75529,0.14327
Default,324,0.96594,0.17503
Default,325,0.10738,0.02502
Default,326,0.92813,0.17332
Default,327,0.15972,0.02572
Default,328,0.61240,0.09951
Default,329,0.73466,0.16088
Default,330,0.36638,0.09762
Default,331,0.85709,0.17015
Default,332,0.00000,0.00000
Default,333,0.48149,0.08044
Default,334,0.51243,0.10108
Default,335,0.70762,0.13741
Default,336,0.00000,0.00000
Default,337,0.42028,0.07374
Default,338,0.69446,0.08703
Default,339,0.62580,0.07863
Default,340,0.78423,0.16636
Default,341,0.66893,0.13336
Default,342,0.25633,0.06547
Default,343,0.25956,0.07781
Default,344,0.00000,0.00000
Default,345,0.39339,0.08698
Default,346,0.00000,0.00000
Default,347,0.00000,0.00000
Default,348,0.97474,0.12845
Default,349,0.29899,0.06082
Default,350,0.26400,0.09454
Default,351,0.89116,0.17148
Default,352,0.72752,0.15732
Default,353,0.72790,0.15987
Default,354,0.51595,0.13731
Default,355,0.39680,0.11146
Default,356,0.08911,0.01172
Default,357,0.89324,0.17187
Default,358,0.15515,0.02029
Default,359,0.06785,0.00710
Default,360,0.81513,0.16701
Default,361,0.65642,0.08737
Default,362,0.39497,0.08792
Default,363,0.34899,0.11011
Default,364,0.51823,0.08848
Default,365,1.00000,0.17613
Default,366,0.51374,0.12559
Default,367,0.00000,0.00000
Default,368,1.00000,0.17613
Default,369,0.07224,0.01250
Default,370,0.12742,0.02016
Default,371,0.03588,0.00313
Default,372,0.00000,0.00000
Default,373,0.62023,0.13716
Default,374,0.67298,0.15216
Default,375,0.50162,0.09579
Default,376,0.71926,0.14180
Default,377,0.62394,0.14236
Default,378,0.03234,0.00313
Default,379,0.06336,0.01250
Default,380,0.00000,0.00000
Default,381,0.07102,0.02083
Default,382,0.20690,0.03337
Default,383,0.08021,0.01201
Default,384,0.35430,0.10520
Default,385,0.50011,0.09321
Default,386,0.09312,0.01544
Default,387,0.46476,0.11800
Default,388,0.03475,0.00391
Default,389,0.04481,0.00781
Default,390,1.00000,0.17613
Default,391,0.00000,0.00000
Default,392,0.75277,0.15840
Default,393,0.67132,0.15855
Default,394,0.29556,0.09523
Default,395,0.45540,0.07511
Default,396,1.00000,0.17613
Default,397,0.13219,0.03548
Default,398,0.04106,0.00625
Default,399,0.15779,0.02176
Default,400,0.89546,0.17227
Default,401,0.06709,0.00684
Default,402,0.36205,0.09791
Default,403,0.86033,0.17069
Default,404,0.34389,0.05674
Default,405,0.24194,0.03431
Default,406,0.60183,0.12523
Default,407,0.00000,0.00000
Default,408,0.33620,0.07586
Default,409,0.21766,0.07190
Default,410,1.00000,0.17613
Default,411,0.49631,0.14032
Default,412,0.62556,0.13337
Default,413,0.25058,0.03764
Default,414,0.45598,0.09721
Default,415,0.93181,0.17384
Default,416,0.42097,0.07353
Default,417,0.84749,0.16814
Default,418,0.52022,0.13852
Default,419,0.19647,0.04267
Default,420,0.67189,0.14831
Default,421,0.00000,0.00000
Default,422,0.84830,0.15741
Default,423,0.73916,0.16163
Default,424,0.34869,0.06993
Default,425,0.96656,0.17510
Default,426,0.37005,0.07731
Default,427,0.16950,0.03971
Default,428,0.23872,0.04485
Default,429,0.29991,0.04562
Default,430,0.83925,0.11281
Default,431,0.77168,0.16287
Default,432,0.03838,0.00521
Default,433,0.21118,0.05078
Default,434,0.48224,0.08627
Default,435,0.38626,0.05537
Default,436,0.49302,0.12835
Default,437,0.00000,0.00000
Default,438,0.42609,0.07264
Default,439,0.08962,0.03125
Default,440,0.19261,0.02408
Default,441,0.71528,0.15156
Default,442,0.00000,0.00000
Default,443,0.51139,0.12073
Default,444,0.87247,0.16664
Default,445,0.69950,0.15886
Default,446,0.92898,0.16222
Default,447,0.66403,0.14720
Default,448,0.05495,0.01250
Default,449,0.11177,0.02539
Default,450,0.75410,0.11718
Default,601,0.20128,0.06641
Default,602,0.30545,0.12779
Default,603,0.32861,0.22063
Default,604,0.95452,0.35036
Default,605,0.00000,0.00000
Default,606,0.57815,0.28698
Default,607,0.71592,0.11375
Default,608,0.02391,0.00521
Default,609,0.48229,0.30293
Default,610,0.20866,0.01879
Default,611,0.29572,0.22398
Default,612,0.50317,0.15881
Default,613,0.30524,0.14002
Default,614,0.65339,0.20767
Default,615,0.11446,0.01393
Default,616,0.63520,0.20499
Default,617,0.31662,0.11223
Default,618,0.12730,0.03519
Default,619,0.58514,0.26758
Default,620,0.10664,0.06250
Default,621,0.68016,0.33891
Default,622,0.22202,0.06069
Default,623,0.41372,0.17425
Default,624,0.32240,0.13548
Default,625,0.16157,0.06418
Default,626,0.34879,0.12844
Default,627,0.07282,0.00871
Default,628,0.26338,0.08649
Default,629,0.05032,0.01929
Default,630,0.79819,0.23246
Default,631,0.05264,0.02159
Default,632,0.02327,0.00694
Default,633,0.62184,0.17630
Default,634,0.82115,0.23353
Default,635,0.82306,0.16049
Default,636,0.52436,0.16310
Default,637,0.36750,0.16355
Default,638,0.06871,0.02175
Default,639,0.67048,0.15840
Default,640,0.42592,0.30450
Default,641,0.51009,0.22965
Default,642,0.24089,0.12041
Default,643,0.10066,0.05212
Default,644,0.03846,0.01136
Default,645,0.83015,0.36689
Default,646,0.15691,0.04596
Default,647,0.67859,0.25154
Default,648,0.86741,0.35249
Default,649,0.85622,0.16992
Default,650,0.48564,0.16528
Default,651,0.09189,0.06982
Default,652,0.84632,0.37989
Default,653,0.50037,0.35008
Default,654,0.87200,0.15056
Default,655,0.00000,0.00000
Default,656,0.78815,0.35339
Default,657,0.75705,0.36063
Default,658,0.17445,0.13073
Default,659,0.00000,0.00000
Default,660,0.75290,0.31301
Default,661,0.66817,0.25507
Default,662,0.59667,0.17863
Default,663,0.72665,0.34265
Default,664,0.88420,0.31992
Default,665,0.17567,0.05144
Default,666,0.00000,0.00000
Default,667,0.71210,0.13955
Default,668,0.53362,0.28584
Default,669,0.04633,0.00934
Default,670,0.21934,0.05055
Default,671,0.16283,0.03268
Default,673,0.47755,0.24945
Default,674,0.25409,0.05369
Default,675,0.30047,0.09826
Default,676,0.29093,0.23455
Default,677,0.95990,0.25929
Default,678,0.33970,0.22920
Default,679,0.98380,0.13749
Default,680,0.27835,0.04423
Default,681,0.57279,0.24546
Default,682,0.47938,0.25756
Default,683,0.52838,0.25341
Default,684,0.00000,0.00000
Default,685,0.31440,0.07837
Default,686,0.11303,0.03017
Default,687,0.15222,0.11536
Default,688,0.18229,0.06586
Default,689,0.05549,0.02344
Default,690,0.00000,0.00000
Default,691,0.40149,0.10080
Default,692,0.61067,0.28706
Default,693,0.13555,0.07774
Default,694,0.68940,0.25206
Default,695,0.60633,0.18198
Default,696,0.60762,0.14771
Default,697,0.56364,0.29519
Default,698,0.59178,0.27599
Default,699,0.69152,0.13486
Default,700,0.20980,0.05808
Default,amean,0.42376,0.11298
