runid,topic,ndcg@20,err@20
Default,301,0.55271,0.10138
Default,302,0.74005,0.15346
Default,303,0.27790,0.06701
Default,304,0.19126,0.03740
Default,305,0.05495,0.01250
Default,306,0.62993,0.13033
Default,307,0.33514,0.06308
Default,308,0.74558,0.09679
Default,309,0.00000,0.00000
Default,310,0.34661,0.09119
Default,311,1.00000,0.17613
Default,312,0.30035,0.05688
Default,313,1.00000,0.17613
Default,314,0.00000,0.00000
Default,315,0.08962,0.03125
Default,316,0.80484,0.13939
Default,317,0.38012,0.09457
Default,318,0.10852,0.02400
Default,319,0.50190,0.11764
Default,320,0.00000,0.00000
Default,321,0.89143,0.17155
Default,322,0.03406,0.00368
Default,323,0.69937,0.14977
Default,324,0.96269,0.17455
Default,325,0.07474,0.00939
Default,326,0.89508,0.17218
Default,327,0.04881,0.00347
Default,328,0.79008,0.11399
Default,329,0.53933,0.13303
Default,330,0.37016,0.10074
Default,331,1.00000,0.17613
Default,332,0.00000,0.00000
Default,333,0.63936,0.11031
Default,334,0.44686,0.09637
Default,335,0.74400,0.15259
Default,336,0.00000,0.00000
Default,337,0.36440,0.06061
Default,338,0.63668,0.09180
Default,339,0.57907,0.10080
Default,340,0.70464,0.16024
Default,341,0.75878,0.15743
Default,342,0.21056,0.04494
Default,343,0.10508,0.02428
Default,344,0.00000,0.00000
Default,345,0.29878,0.07223
Default,346,0.03344,0.00347
Default,347,0.00000,0.00000
Default,348,0.95123,0.12388
Default,349,0.36375,0.11163
Default,350,0.19699,0.07422
Default,351,0.89963,0.17283
Default,352,0.55375,0.13948
Default,353,0.68723,0.15652
Default,354,0.37105,0.07613
Default,355,0.59497,0.14224
Default,356,0.04555,0.00625
Default,357,0.85073,0.15752
Default,358,0.10720,0.01210
Default,359,0.08695,0.01460
Default,360,0.87149,0.16691
Default,361,0.72659,0.11492
Default,362,0.56784,0.14586
Default,363,0.27014,0.07844
Default,364,0.64054,0.13752
Default,365,0.96714,0.17516
Default,366,0.73833,0.15106
Default,367,0.00000,0.00000
Default,368,1.00000,0.17613
Default,369,0.37105,0.10095
Default,370,0.08697,0.01426
Default,371,0.00000,0.00000
Default,372,0.04481,0.00781
Default,373,0.63437,0.14540
Default,374,0.44611,0.08500
Default,375,0.52620,0.10194
Default,376,0.62499,0.12977
Default,377,0.52330,0.12800
Default,378,0.00000,0.00000
Default,379,0.05834,0.01042
Default,380,0.08275,0.00694
Default,381,0.10577,0.02450
Default,382,0.30538,0.04638
Default,383,0.08021,0.01201
Default,384,0.35040,0.06974
Default,385,0.68301,0.11373
Default,386,0.10097,0.01901
Default,387,0.35980,0.09709
Default,388,0.06819,0.00716
Default,389,0.00000,0.00000
Default,390,0.86174,0.17079
Default,391,0.00000,0.00000
Default,392,0.77708,0.16502
Default,393,0.71905,0.16364
Default,394,0.30256,0.09729
Default,395,0.41217,0.05686
Default,396,1.00000,0.17613
Default,397,0.11612,0.02734
Default,398,0.07072,0.00814
Default,399,0.17969,0.01956
Default,400,0.85872,0.17050
Default,401,0.07392,0.00933
Default,402,0.27900,0.09964
Default,403,0.82332,0.16865
Default,404,0.26865,0.04564
Default,405,0.22673,0.03843
Default,406,0.54656,0.09357
Default,407,0.76479,0.16167
Default,408,0.33964,0.10286
Default,409,0.25110,0.07477
Default,410,0.84359,0.16677
Default,411,0.47813,0.12091
Default,412,0.49866,0.07485
Default,413,0.21329,0.03174
Default,414,0.50015,0.11804
Default,415,0.92199,0.17220
Default,416,0.53699,0.10818
Default,417,0.78133,0.15682
Default,418,0.51203,0.13663
Default,419,0.24216,0.04748
Default,420,0.74168,0.16229
Default,421,0.07837,0.01076
Default,422,0.57215,0.09975
Default,423,0.73653,0.16027
Default,424,0.21832,0.03595
Default,425,0.96269,0.17455
Default,426,0.31231,0.06701
Default,427,0.42778,0.09999
Default,428,0.47949,0.11181
Default,429,0.21683,0.03078
Default,430,0.87407,0.12023
Default,431,0.88540,0.17013
Default,432,0.00000,0.00000
Default,433,0.21128,0.03599
Default,434,0.83086,0.16340
Default,435,0.31962,0.05545
Default,436,0.42825,0.07886
Default,437,0.00000,0.00000
Default,438,0.58085,0.11211
Default,439,0.05495,0.01250
Default,440,0.26890,0.03313
Default,441,0.70697,0.14960
Default,442,0.03731,0.00481
Default,443,0.58006,0.08484
Default,444,0.90993,0.16802
Default,445,0.59918,0.10709
Default,446,0.73143,0.16052
Default,447,0.50191,0.11510
Default,448,0.04481,0.00781
Default,449,0.15934,0.02302
Default,450,0.91968,0.17144
Default,601,0.78335,0.23713
Default,602,0.11928,0.04349
Default,603,0.53425,0.25000
Default,604,0.95719,0.35096
Default,605,0.04106,0.00625
Default,606,0.60546,0.29775
Default,607,0.61987,0.12304
Default,608,0.02791,0.00781
Default,609,0.59329,0.34569
Default,610,0.00000,0.00000
Default,611,0.37695,0.22798
Default,612,0.45482,0.18489
Default,613,0.27290,0.13691
Default,614,0.66788,0.20520
Default,615,0.21380,0.03645
Default,616,0.81842,0.29581
Default,617,0.33316,0.15201
Default,618,0.06247,0.01201
Default,619,0.54064,0.19565
Default,620,0.06728,0.03125
Default,621,0.62202,0.35962
Default,622,0.21811,0.05029
Default,623,0.53019,0.25928
Default,624,0.30866,0.12428
Default,625,0.12779,0.05904
Default,626,0.41195,0.16402
Default,627,0.05060,0.01042
Default,628,0.29897,0.10113
Default,629,0.19974,0.10266
Default,630,0.91414,0.27399
Default,631,0.06993,0.04728
Default,632,0.55897,0.19309
Default,633,0.69494,0.17913
Default,634,0.93228,0.35535
Default,635,0.80362,0.16396
Default,636,0.41985,0.14079
Default,637,0.45596,0.19019
Default,638,0.04529,0.01558
Default,639,0.54429,0.14616
Default,640,0.44329,0.30408
Default,641,0.40598,0.17701
Default,642,0.23860,0.09721
Default,643,0.22367,0.08039
Default,644,0.14646,0.06220
Default,645,0.81433,0.37033
Default,646,0.29211,0.07649
Default,647,0.52093,0.29557
Default,648,0.85477,0.29014
Default,649,0.86344,0.17122
Default,650,0.20070,0.07149
Default,651,0.01948,0.00568
Default,652,0.85872,0.36226
Default,653,0.27297,0.14489
Default,654,0.90835,0.16848
Default,655,0.00000,0.00000
Default,656,0.81684,0.28935
Default,657,0.79332,0.36696
Default,658,0.14473,0.12825
Default,659,0.46537,0.23200
Default,660,0.70744,0.31082
Default,661,0.57864,0.22812
Default,662,0.64297,0.23274
Default,663,0.69232,0.34096
Default,664,0.86977,0.31583
Default,665,0.26063,0.07060
Default,666,0.13090,0.00568
Default,667,0.71990,0.15306
Default,668,0.55741,0.29031
Default,669,0.08848,0.06250
Default,670,0.35567,0.07244
Default,671,0.15101,0.03634
Default,673,0.40224,0.11288
Default,674,0.19299,0.02393
Default,675,0.41555,0.09508
Default,676,0.31266,0.22957
Default,677,0.92098,0.25757
Default,678,0.43017,0.26406
Default,679,1.00000,0.14018
Default,680,0.17511,0.02706
Default,681,0.58715,0.28232
Default,682,0.37041,0.13823
Default,683,0.38449,0.31955
Default,684,0.12249,0.04608
Default,685,0.17415,0.04104
Default,686,0.39646,0.09329
Default,687,0.26148,0.15659
Default,688,0.20913,0.07983
Default,689,0.06804,0.03750
Default,690,0.00000,0.00000
Default,691,0.36758,0.09878
Default,692,0.39764,0.12423
Default,693,0.20621,0.06259
Default,694,0.69164,0.25314
Default,695,0.55207,0.16320
Default,696,0.50507,0.09510
Default,697,0.58345,0.31283
Default,698,0.59651,0.27989
Default,699,0.62587,0.09370
Default,700,0.18937,0.06006
Default,amean,0.43412,0.11564
