runid,topic,ndcg@20,err@20
Default,301,0.63712,0.13777
Default,302,0.75990,0.14853
Default,303,0.35314,0.07532
Default,304,0.25639,0.03781
Default,305,0.05060,0.01042
Default,306,0.56394,0.09300
Default,307,0.42374,0.12317
Default,308,0.58557,0.08203
Default,309,0.00000,0.00000
Default,310,0.32548,0.08337
Default,311,0.94505,0.16937
Default,312,0.37689,0.08813
Default,313,0.96714,0.17516
Default,314,0.00000,0.00000
Default,315,0.07102,0.02083
Default,316,0.79202,0.13299
Default,317,0.36277,0.08850
Default,318,0.15689,0.03365
Default,319,0.39012,0.11115
Default,320,0.07745,0.00446
Default,321,0.92089,0.17185
Default,322,0.05060,0.01042
Default,323,0.55089,0.12526
Default,324,0.92718,0.17317
Default,325,0.07389,0.00911
Default,326,0.80210,0.16293
Default,327,0.04881,0.00347
Default,328,0.83224,0.12448
Default,329,0.49997,0.11577
Default,330,0.36998,0.11438
Default,331,0.93422,0.17412
Default,332,0.03475,0.00391
Default,333,0.69292,0.14135
Default,334,0.46169,0.09964
Default,335,0.69410,0.13048
Default,336,0.19636,0.06250
Default,337,0.40397,0.08040
Default,338,0.58557,0.08203
Default,339,0.61038,0.10936
Default,340,0.64240,0.14998
Default,341,0.59270,0.13660
Default,342,0.19981,0.04163
Default,343,0.11208,0.02669
Default,344,0.00000,0.00000
Default,345,0.23937,0.04447
Default,346,0.10554,0.02227
Default,347,0.03475,0.00391
Default,348,0.90683,0.11411
Default,349,0.44533,0.12174
Default,350,0.34987,0.10671
Default,351,0.62379,0.14579
Default,352,0.58592,0.13952
Default,353,0.63736,0.14996
Default,354,0.31160,0.06441
Default,355,0.45032,0.11877
Default,356,0.00000,0.00000
Default,357,0.90543,0.16721
Default,358,0.03344,0.00347
Default,359,0.05495,0.01250
Default,360,0.85715,0.16208
Default,361,0.61382,0.09924
Default,362,0.53546,0.14360
Default,363,0.16377,0.06250
Default,364,0.65134,0.12614
Default,365,0.96449,0.17483
Default,366,0.82518,0.16011
Default,367,0.20078,0.03953
Default,368,0.96714,0.17516
Default,369,0.40596,0.10124
Default,370,0.04106,0.00625
Default,371,0.00000,0.00000
Default,372,0.27647,0.09866
Default,373,0.62260,0.08866
Default,374,0.42551,0.07182
Default,375,0.62480,0.14233
Default,376,0.60836,0.12229
Default,377,0.40522,0.11606
Default,378,0.00000,0.00000
Default,379,0.07053,0.01562
Default,380,0.27976,0.04297
Default,381,0.10336,0.02376
Default,382,0.50647,0.06742
Default,383,0.13507,0.02417
Default,384,0.38731,0.07364
Default,385,0.60692,0.10896
Default,386,0.09020,0.01543
Default,387,0.30606,0.06277
Default,388,0.18423,0.04895
Default,389,0.09668,0.01953
Default,390,0.82454,0.16866
Default,391,0.18313,0.04865
Default,392,0.78848,0.16713
Default,393,0.74598,0.16394
Default,394,0.25701,0.09180
Default,395,0.29153,0.04115
Default,396,1.00000,0.17613
Default,397,0.09771,0.01901
Default,398,0.12692,0.03576
Default,399,0.26084,0.02968
Default,400,0.73389,0.15976
Default,401,0.09753,0.01981
Default,402,0.22282,0.07392
Default,403,0.76886,0.16241
Default,404,0.20819,0.03088
Default,405,0.23512,0.04322
Default,406,0.53280,0.11581
Default,407,0.71044,0.15442
Default,408,0.30123,0.09849
Default,409,0.30083,0.08284
Default,410,0.83674,0.16546
Default,411,0.40429,0.10307
Default,412,0.60432,0.11872
Default,413,0.17450,0.02808
Default,414,0.47676,0.12262
Default,415,0.83420,0.16400
Default,416,0.50109,0.10458
Default,417,0.77100,0.16333
Default,418,0.43272,0.12729
Default,419,0.18951,0.04006
Default,420,0.74750,0.16420
Default,421,0.17799,0.02987
Default,422,0.41111,0.08277
Default,423,0.65175,0.11258
Default,424,0.18014,0.01976
Default,425,0.96594,0.17503
Default,426,0.21046,0.04502
Default,427,0.50888,0.12008
Default,428,0.56526,0.12435
Default,429,0.38293,0.04076
Default,430,0.89204,0.12318
Default,431,0.70937,0.16136
Default,432,0.00000,0.00000
Default,433,0.21339,0.03648
Default,434,0.86907,0.16559
Default,435,0.20880,0.04679
Default,436,0.35651,0.07331
Default,437,0.00000,0.00000
Default,438,0.46963,0.10307
Default,439,0.07102,0.02083
Default,440,0.33481,0.04863
Default,441,0.66787,0.14701
Default,442,0.09601,0.01836
Default,443,0.58030,0.08501
Default,444,0.94384,0.16831
Default,445,0.52022,0.09992
Default,446,0.62420,0.15416
Default,447,0.44027,0.11867
Default,448,0.07042,0.00791
Default,449,0.19641,0.02554
Default,450,0.85702,0.15901
Default,601,0.82619,0.24789
Default,602,0.17680,0.08629
Default,603,0.47336,0.23655
Default,604,0.95719,0.35096
Default,605,0.14690,0.02857
Default,606,0.66150,0.29957
Default,607,0.37257,0.06645
Default,608,0.03811,0.01562
Default,609,0.56398,0.34323
Default,610,0.00000,0.00000
Default,611,0.24563,0.12243
Default,612,0.36065,0.14279
Default,613,0.34770,0.15851
Default,614,0.39183,0.16789
Default,615,0.20140,0.03133
Default,616,0.77747,0.30047
Default,617,0.29076,0.14112
Default,618,0.10823,0.02532
Default,619,0.54474,0.18174
Default,620,0.14011,0.04004
Default,621,0.62647,0.36314
Default,622,0.24390,0.07276
Default,623,0.39932,0.14060
Default,624,0.28286,0.09486
Default,625,0.12669,0.05830
Default,626,0.22715,0.04850
Default,627,0.04276,0.00694
Default,628,0.20854,0.07275
Default,629,0.21973,0.11934
Default,630,0.75433,0.19800
Default,631,0.11170,0.08542
Default,632,0.38125,0.15873
Default,633,0.66578,0.17643
Default,634,0.87511,0.35278
Default,635,0.76622,0.16284
Default,636,0.36771,0.13549
Default,637,0.49918,0.22356
Default,638,0.02834,0.01250
Default,639,0.41351,0.11900
Default,640,0.34456,0.15348
Default,641,0.34320,0.15010
Default,642,0.24453,0.07261
Default,643,0.26111,0.12227
Default,644,0.19337,0.10470
Default,645,0.78931,0.37091
Default,646,0.32437,0.08353
Default,647,0.43154,0.28424
Default,648,0.80785,0.37520
Default,649,0.79543,0.16830
Default,650,0.12901,0.03081
Default,651,0.00000,0.00000
Default,652,0.59654,0.32276
Default,653,0.26418,0.14013
Default,654,0.85622,0.16992
Default,655,0.00000,0.00000
Default,656,0.75405,0.28889
Default,657,0.67365,0.35590
Default,658,0.12951,0.11003
Default,659,0.57701,0.25906
Default,660,0.68723,0.30031
Default,661,0.58897,0.23632
Default,662,0.69656,0.29193
Default,663,0.66572,0.32811
Default,664,0.73024,0.20678
Default,665,0.21956,0.06358
Default,666,0.14804,0.00781
Default,667,0.62457,0.13807
Default,668,0.41771,0.26100
Default,669,0.10931,0.06576
Default,670,0.20772,0.03212
Default,671,0.39655,0.21486
Default,673,0.53361,0.25001
Default,674,0.21391,0.03346
Default,675,0.55207,0.12591
Default,676,0.25435,0.21941
Default,677,0.91775,0.25698
Default,678,0.41739,0.25630
Default,679,0.94957,0.13034
Default,680,0.13561,0.02804
Default,681,0.57528,0.27639
Default,682,0.40537,0.23178
Default,683,0.28257,0.16952
Default,684,0.25997,0.23397
Default,685,0.17417,0.05945
Default,686,0.39661,0.07467
Default,687,0.28517,0.18478
Default,688,0.20975,0.09505
Default,689,0.27757,0.21606
Default,690,0.00000,0.00000
Default,691,0.39261,0.11247
Default,692,0.54719,0.15892
Default,693,0.20813,0.05968
Default,694,0.64865,0.24395
Default,695,0.48335,0.16114
Default,696,0.56923,0.12978
Default,697,0.56731,0.31195
Default,698,0.60176,0.30143
Default,699,0.61821,0.07493
Default,700,0.29979,0.16046
Default,amean,0.42353,0.11657
