runid,topic,ndcg@20,err@20
Default,201,0.24980,0.09040
Default,202,0.00000,0.00000
Default,203,0.10332,0.11375
Default,204,0.08046,0.08779
Default,205,0.03860,0.02394
Default,206,0.04823,0.01855
Default,207,0.08248,0.05654
Default,208,0.10152,0.06735
Default,209,0.08794,0.09375
Default,210,0.05791,0.01901
Default,211,0.23377,0.10846
Default,212,0.00000,0.00000
Default,213,0.07286,0.05047
Default,214,0.40298,0.27014
Default,215,0.04111,0.02083
Default,216,0.23650,0.30283
Default,217,0.35228,0.18579
Default,218,0.10781,0.06399
Default,219,0.06997,0.05078
Default,220,0.00743,0.00391
Default,221,0.20720,0.19496
Default,222,0.14437,0.15909
Default,223,0.13144,0.19624
Default,224,0.16873,0.11952
Default,225,0.00000,0.00000
Default,226,0.03885,0.01489
Default,227,0.03521,0.04197
Default,228,0.11752,0.10304
Default,229,0.39886,0.28615
Default,230,0.29725,0.13460
Default,231,0.35216,0.46440
Default,232,0.44807,0.12086
Default,233,0.02328,0.00368
Default,234,0.36571,0.12093
Default,235,0.07153,0.01042
Default,236,0.44455,0.14259
Default,237,0.00000,0.00000
Default,238,0.03903,0.03125
Default,239,0.13614,0.09484
Default,240,0.24920,0.56615
Default,241,0.00000,0.00000
Default,242,0.00000,0.00000
Default,243,0.08113,0.05688
Default,244,0.05948,0.03125
Default,245,0.00000,0.00000
Default,246,0.00000,0.00000
Default,247,0.11062,0.06250
Default,248,0.00000,0.00000
Default,249,0.00000,0.00000
Default,250,0.04407,0.03125
Default,amean,0.12679,0.09231
runid,topic,ndcg@20,err@20
Default,201,0.24980,0.09040
Default,202,0.00000,0.00000
Default,203,0.10332,0.11375
Default,204,0.08046,0.08779
Default,205,0.03860,0.02394
Default,206,0.04823,0.01855
Default,207,0.08248,0.05654
Default,208,0.10152,0.06735
Default,209,0.08794,0.09375
Default,210,0.05791,0.01901
Default,211,0.23377,0.10846
Default,212,0.00000,0.00000
Default,213,0.07286,0.05047
Default,214,0.40298,0.27014
Default,215,0.04111,0.02083
Default,216,0.23650,0.30283
Default,217,0.35228,0.18579
Default,218,0.10781,0.06399
Default,219,0.06997,0.05078
Default,220,0.00743,0.00391
Default,221,0.20720,0.19496
Default,222,0.14437,0.15909
Default,223,0.13144,0.19624
Default,224,0.16873,0.11952
Default,225,0.00000,0.00000
Default,226,0.03885,0.01489
Default,227,0.03521,0.04197
Default,228,0.11752,0.10304
Default,229,0.39886,0.28615
Default,230,0.29725,0.13460
Default,231,0.35216,0.46440
Default,232,0.44807,0.12086
Default,233,0.02328,0.00368
Default,234,0.36571,0.12093
Default,235,0.07153,0.01042
Default,236,0.44455,0.14259
Default,237,0.00000,0.00000
Default,238,0.03903,0.03125
Default,239,0.13614,0.09484
Default,240,0.24920,0.56615
Default,241,0.00000,0.00000
Default,242,0.00000,0.00000
Default,243,0.08113,0.05688
Default,244,0.05948,0.03125
Default,245,0.00000,0.00000
Default,246,0.00000,0.00000
Default,247,0.11062,0.06250
Default,248,0.00000,0.00000
Default,249,0.00000,0.00000
Default,250,0.04407,0.03125
Default,amean,0.12679,0.09231
runid,topic,ndcg@20,err@20
Default,201,0.24980,0.09040
Default,202,0.00000,0.00000
Default,203,0.10332,0.11375
Default,204,0.08046,0.08779
Default,205,0.03860,0.02394
Default,206,0.04823,0.01855
Default,207,0.08248,0.05654
Default,208,0.10152,0.06735
Default,209,0.08794,0.09375
Default,210,0.05791,0.01901
Default,211,0.23377,0.10846
Default,212,0.00000,0.00000
Default,213,0.07286,0.05047
Default,214,0.40298,0.27014
Default,215,0.04111,0.02083
Default,216,0.23650,0.30283
Default,217,0.35228,0.18579
Default,218,0.10781,0.06399
Default,219,0.06997,0.05078
Default,220,0.00743,0.00391
Default,221,0.20720,0.19496
Default,222,0.14437,0.15909
Default,223,0.13144,0.19624
Default,224,0.16873,0.11952
Default,225,0.00000,0.00000
Default,226,0.03885,0.01489
Default,227,0.03521,0.04197
Default,228,0.11752,0.10304
Default,229,0.39886,0.28615
Default,230,0.29725,0.13460
Default,231,0.35216,0.46440
Default,232,0.44807,0.12086
Default,233,0.02328,0.00368
Default,234,0.36571,0.12093
Default,235,0.07153,0.01042
Default,236,0.44455,0.14259
Default,237,0.00000,0.00000
Default,238,0.03903,0.03125
Default,239,0.13614,0.09484
Default,240,0.24920,0.56615
Default,241,0.00000,0.00000
Default,242,0.00000,0.00000
Default,243,0.08113,0.05688
Default,244,0.05948,0.03125
Default,245,0.00000,0.00000
Default,246,0.00000,0.00000
Default,247,0.11062,0.06250
Default,248,0.00000,0.00000
Default,249,0.00000,0.00000
Default,250,0.04407,0.03125
Default,amean,0.12679,0.09231
