runid,topic,ndcg@20,err@20
Default,201,0.30886,0.12672
Default,202,0.00000,0.00000
Default,203,0.25843,0.35966
Default,204,0.08719,0.10158
Default,205,0.07012,0.04138
Default,206,0.29059,0.11483
Default,207,0.09223,0.06997
Default,208,0.13896,0.08439
Default,209,0.06969,0.06250
Default,210,0.05834,0.03125
Default,211,0.25941,0.13297
Default,212,0.00000,0.00000
Default,213,0.12235,0.03790
Default,214,0.38601,0.22480
Default,215,0.10002,0.04315
Default,216,0.00537,0.00391
Default,217,0.39241,0.32766
Default,218,0.08694,0.05076
Default,219,0.03514,0.01158
Default,220,0.00915,0.00694
Default,221,0.21364,0.27052
Default,222,0.24208,0.23586
Default,223,0.14233,0.28694
Default,224,0.14521,0.07914
Default,225,0.00000,0.00000
Default,226,0.07772,0.04008
Default,227,0.08814,0.22971
Default,228,0.14918,0.13547
Default,229,0.46139,0.28508
Default,230,0.35061,0.14434
Default,231,0.38127,0.47500
Default,232,0.40306,0.07850
Default,233,0.05016,0.00918
Default,234,0.46974,0.14835
Default,235,0.07153,0.01042
Default,236,0.49002,0.15716
Default,237,0.00000,0.00000
Default,238,0.08544,0.04297
Default,239,0.15102,0.09924
Default,240,0.23166,0.56055
Default,241,0.00000,0.00000
Default,242,0.02210,0.00313
Default,243,0.05767,0.04297
Default,244,0.08072,0.03060
Default,245,0.00000,0.00000
Default,246,0.00000,0.00000
Default,247,0.11062,0.06250
Default,248,0.00000,0.00000
Default,249,0.00000,0.00000
Default,250,0.06985,0.06250
Default,amean,0.14633,0.10644
