runid,topic,ndcg@20,err@20
Default,201,0.25976,0.08647
Default,202,0.00000,0.00000
Default,203,0.02218,0.02227
Default,204,0.06056,0.04940
Default,205,0.00000,0.00000
Default,206,0.03420,0.00656
Default,207,0.14683,0.08637
Default,208,0.14302,0.09861
Default,209,0.06969,0.06250
Default,210,0.01434,0.00481
Default,211,0.29394,0.13477
Default,212,0.00000,0.00000
Default,213,0.11914,0.08478
Default,214,0.39817,0.27056
Default,215,0.01902,0.00329
Default,216,0.23497,0.28245
Default,217,0.39333,0.34289
Default,218,0.12476,0.07001
Default,219,0.10090,0.09180
Default,220,0.00000,0.00000
Default,221,0.19029,0.16744
Default,222,0.15629,0.15448
Default,223,0.13972,0.20519
Default,224,0.00000,0.00000
Default,225,0.00000,0.00000
Default,226,0.01399,0.00625
Default,227,0.00000,0.00000
Default,228,0.13822,0.14673
Default,229,0.29290,0.15853
Default,230,0.29388,0.13302
Default,231,0.34122,0.46185
Default,232,0.42717,0.12576
Default,233,0.00000,0.00000
Default,234,0.25684,0.06181
Default,235,0.07030,0.00987
Default,236,0.39518,0.12336
Default,237,0.00000,0.00000
Default,238,0.03093,0.02083
Default,239,0.05351,0.06250
Default,240,0.15949,0.26684
Default,241,0.00000,0.00000
Default,242,0.02375,0.00391
Default,243,0.02833,0.02083
Default,244,0.05948,0.03125
Default,245,0.00000,0.00000
Default,246,0.00797,0.00417
Default,247,0.00000,0.00000
Default,248,0.00000,0.00000
Default,249,0.00000,0.00000
Default,250,0.03493,0.02083
Default,amean,0.11098,0.07766
