runid,topic,ndcg@20,err@20
SELM_09,1,0.00000,0.00000
SELM_09,2,0.41939,0.19219
SELM_09,3,0.54206,0.35886
SELM_09,4,0.00000,0.00000
SELM_09,5,0.22248,0.10645
SELM_09,6,0.33806,0.15184
SELM_09,7,0.05937,0.03008
SELM_09,8,0.08885,0.02928
SELM_09,9,0.14593,0.11977
SELM_09,10,0.00000,0.00000
SELM_09,11,0.65281,0.36299
SELM_09,12,0.47538,0.32879
SELM_09,13,0.10150,0.04688
SELM_09,14,0.76068,0.38244
SELM_09,15,0.59605,0.31406
SELM_09,16,0.17505,0.06249
SELM_09,17,0.40293,0.29125
SELM_09,18,0.39845,0.17280
SELM_09,19,0.00000,0.00000
SELM_09,21,0.47330,0.35043
SELM_09,22,0.84119,0.38401
SELM_09,23,0.09308,0.04314
SELM_09,24,0.16736,0.06856
SELM_09,25,0.21640,0.14480
SELM_09,26,0.57924,0.31389
SELM_09,27,0.65258,0.34914
SELM_09,28,0.60912,0.23643
SELM_09,29,0.00000,0.00000
SELM_09,30,0.31463,0.16945
SELM_09,31,0.47593,0.22065
SELM_09,32,0.33924,0.29066
SELM_09,33,0.32106,0.24588
SELM_09,34,0.01369,0.00625
SELM_09,35,0.70567,0.37980
SELM_09,36,0.17788,0.10757
SELM_09,37,0.22187,0.04688
SELM_09,38,0.14691,0.05900
SELM_09,39,0.15742,0.10452
SELM_09,40,0.24892,0.23845
SELM_09,41,0.25055,0.08537
SELM_09,42,0.34375,0.16627
SELM_09,43,0.64782,0.24262
SELM_09,44,0.07186,0.06177
SELM_09,45,0.39376,0.32133
SELM_09,46,0.80101,0.38022
SELM_09,47,0.50373,0.33090
SELM_09,48,0.29365,0.22209
SELM_09,49,0.58786,0.22235
SELM_09,50,0.02307,0.00755
SELM_09,51,0.28373,0.20800
SELM_09,52,0.01386,0.00937
SELM_09,53,0.00000,0.00000
SELM_09,54,0.20879,0.10602
SELM_09,55,0.23466,0.06209
SELM_09,56,0.18231,0.04800
SELM_09,57,0.07467,0.12405
SELM_09,58,0.67086,0.38466
SELM_09,59,0.06460,0.05703
SELM_09,60,0.76702,0.26923
SELM_09,61,0.17030,0.05283
SELM_09,62,0.51340,0.22736
SELM_09,63,0.52085,0.37920
SELM_09,64,0.00824,0.00313
SELM_09,65,0.44869,0.19250
SELM_09,66,0.00000,0.00000
SELM_09,67,0.15037,0.06717
SELM_09,68,0.17169,0.06415
SELM_09,69,0.26060,0.14655
SELM_09,70,0.00000,0.00000
SELM_09,71,0.00000,0.00000
SELM_09,72,0.00000,0.00000
SELM_09,73,0.75450,0.38165
SELM_09,74,0.00000,0.00000
SELM_09,75,0.46864,0.18346
SELM_09,76,0.28555,0.19423
SELM_09,77,0.17270,0.28957
SELM_09,78,0.00000,0.00000
SELM_09,79,0.72734,0.36625
SELM_09,80,0.75026,0.16464
SELM_09,81,0.03663,0.03125
SELM_09,82,0.00000,0.00000
SELM_09,83,0.00000,0.00000
SELM_09,84,1.00000,0.38566
SELM_09,85,0.04035,0.03814
SELM_09,86,0.73107,0.38418
SELM_09,87,0.25805,0.08237
SELM_09,88,0.26958,0.22152
SELM_09,89,0.10447,0.10732
SELM_09,90,0.58714,0.56548
SELM_09,91,0.26333,0.06917
SELM_09,92,0.19660,0.02756
SELM_09,93,0.23578,0.17027
SELM_09,94,0.00000,0.00000
SELM_09,96,0.00000,0.00000
SELM_09,97,0.00000,0.00000
SELM_09,98,0.02132,0.00837
SELM_09,99,0.02471,0.00937
SELM_09,101,0.09468,0.09180
SELM_09,102,0.02791,0.00781
SELM_09,103,0.72054,0.21535
SELM_09,104,0.32963,0.29462
SELM_09,105,0.34384,0.13140
SELM_09,106,0.00000,0.00000
SELM_09,107,0.15220,0.10746
SELM_09,108,0.76104,0.37333
SELM_09,109,0.05604,0.00521
SELM_09,110,0.05504,0.02298
SELM_09,111,0.17674,0.18704
SELM_09,112,0.00000,0.00000
SELM_09,113,0.00000,0.00000
SELM_09,114,0.08032,0.01797
SELM_09,115,0.00000,0.00000
SELM_09,116,0.26604,0.35354
SELM_09,117,0.13048,0.12326
SELM_09,118,0.27349,0.23306
SELM_09,119,0.11139,0.03840
SELM_09,120,0.00000,0.00000
SELM_09,121,0.10130,0.04791
SELM_09,122,0.05052,0.00417
SELM_09,123,0.42356,0.18324
SELM_09,124,0.23031,0.35411
SELM_09,125,0.01408,0.00781
SELM_09,126,0.00000,0.00000
SELM_09,127,0.40416,0.19488
SELM_09,128,0.52084,0.34581
SELM_09,129,0.00622,0.00417
SELM_09,130,0.30377,0.53537
SELM_09,131,0.00000,0.00000
SELM_09,132,0.07102,0.06250
SELM_09,133,0.84191,0.16713
SELM_09,134,0.00000,0.00000
SELM_09,135,0.00000,0.00000
SELM_09,136,0.00000,0.00000
SELM_09,137,0.44949,0.38520
SELM_09,138,0.65386,0.13850
SELM_09,139,0.46315,0.14150
SELM_09,140,0.00000,0.00000
SELM_09,141,0.45728,0.29338
SELM_09,142,0.78858,0.16726
SELM_09,143,0.00000,0.00000
SELM_09,144,0.13702,0.10380
SELM_09,145,0.27911,0.23932
SELM_09,146,0.45437,0.11265
SELM_09,147,0.45752,0.29110
SELM_09,148,0.41172,0.27671
SELM_09,149,0.35055,0.04002
SELM_09,150,0.00000,0.00000
SELM_09,151,0.01744,0.07586
SELM_09,152,0.00000,0.00000
SELM_09,153,0.10560,0.19453
SELM_09,154,0.12130,0.10930
SELM_09,155,0.26923,0.37905
SELM_09,156,0.15179,0.16714
SELM_09,157,0.00000,0.00000
SELM_09,158,0.19537,0.23619
SELM_09,159,0.58947,0.96808
SELM_09,160,0.00000,0.00000
SELM_09,161,0.01764,0.00893
SELM_09,162,0.08464,0.18750
SELM_09,163,0.11083,0.08259
SELM_09,164,0.07366,0.07630
SELM_09,165,0.00000,0.00000
SELM_09,166,0.00000,0.00000
SELM_09,167,0.00934,0.01339
SELM_09,168,0.53117,0.96808
SELM_09,169,0.00000,0.00000
SELM_09,170,0.00000,0.00000
SELM_09,171,0.16950,0.41907
SELM_09,172,0.17196,0.10749
SELM_09,173,0.15831,0.12396
SELM_09,174,0.36418,0.32145
SELM_09,175,0.11735,0.46997
SELM_09,176,0.00000,0.00000
SELM_09,177,0.45697,0.12710
SELM_09,178,0.08611,0.16016
SELM_09,179,0.00834,0.00625
SELM_09,180,0.01482,0.03857
SELM_09,181,0.06343,0.07187
SELM_09,182,0.38563,0.51352
SELM_09,183,0.00000,0.00000
SELM_09,184,0.69543,0.96808
SELM_09,185,0.19260,0.24051
SELM_09,186,0.27542,0.15415
SELM_09,187,0.01452,0.01544
SELM_09,188,0.02416,0.02013
SELM_09,189,0.00000,0.00000
SELM_09,190,0.01011,0.03125
SELM_09,191,0.14476,0.33028
SELM_09,192,0.10492,0.23879
SELM_09,193,0.14843,0.10471
SELM_09,194,0.19093,0.17613
SELM_09,195,0.00000,0.00000
SELM_09,196,0.11461,0.19374
SELM_09,197,0.06667,0.17613
SELM_09,198,0.33370,0.94199
SELM_09,199,0.00334,0.00781
SELM_09,200,0.35203,0.37462
SELM_09,amean,0.23411,0.15701
