runid,topic,ndcg@20,err@20
SELM_09,1,0.23666,0.19545
SELM_09,2,0.42066,0.19521
SELM_09,3,0.36053,0.28200
SELM_09,4,0.00000,0.00000
SELM_09,5,0.30629,0.15405
SELM_09,6,0.27681,0.11800
SELM_09,7,0.05559,0.02598
SELM_09,8,0.42340,0.15720
SELM_09,9,0.14795,0.13113
SELM_09,10,0.16243,0.20020
SELM_09,11,0.49842,0.15861
SELM_09,12,0.39469,0.32965
SELM_09,13,0.08395,0.03125
SELM_09,14,0.69051,0.24188
SELM_09,15,0.59509,0.31387
SELM_09,16,0.00000,0.00000
SELM_09,17,0.11459,0.05386
SELM_09,18,0.30353,0.10936
SELM_09,19,0.00000,0.00000
SELM_09,21,0.08469,0.04860
SELM_09,22,0.77135,0.35167
SELM_09,23,0.10128,0.05196
SELM_09,24,0.22532,0.13491
SELM_09,25,0.25264,0.15169
SELM_09,26,0.46665,0.20373
SELM_09,27,0.56104,0.21620
SELM_09,28,0.19934,0.18579
SELM_09,29,0.00000,0.00000
SELM_09,30,0.34765,0.17713
SELM_09,31,0.53216,0.29703
SELM_09,32,0.26972,0.24422
SELM_09,33,0.35872,0.28247
SELM_09,34,0.00000,0.00000
SELM_09,35,0.70498,0.37973
SELM_09,36,0.59801,0.23769
SELM_09,37,0.51516,0.18750
SELM_09,38,0.12787,0.08376
SELM_09,39,0.19042,0.10095
SELM_09,40,0.23529,0.22340
SELM_09,41,0.35495,0.22859
SELM_09,42,0.32272,0.16268
SELM_09,43,0.67004,0.22958
SELM_09,44,0.06055,0.06783
SELM_09,45,0.13068,0.10898
SELM_09,46,0.75149,0.37430
SELM_09,47,0.45668,0.33489
SELM_09,48,0.22598,0.15190
SELM_09,49,0.57201,0.22151
SELM_09,50,0.03726,0.02539
SELM_09,51,0.24768,0.22047
SELM_09,52,0.02531,0.02908
SELM_09,53,0.00000,0.00000
SELM_09,54,0.05599,0.02539
SELM_09,55,0.46972,0.28148
SELM_09,56,0.27884,0.10776
SELM_09,57,0.11910,0.16104
SELM_09,58,0.67086,0.38466
SELM_09,59,0.09888,0.14854
SELM_09,60,0.78291,0.25059
SELM_09,61,0.04464,0.00987
SELM_09,62,0.54507,0.22960
SELM_09,63,0.57497,0.38158
SELM_09,64,0.22356,0.12661
SELM_09,65,0.34039,0.13315
SELM_09,66,0.00000,0.00000
SELM_09,67,0.37510,0.12289
SELM_09,68,0.36251,0.14951
SELM_09,69,0.28115,0.15084
SELM_09,70,0.00000,0.00000
SELM_09,71,0.00885,0.00417
SELM_09,72,0.87297,0.29094
SELM_09,73,0.74085,0.38110
SELM_09,74,0.09542,0.05149
SELM_09,75,0.45224,0.14820
SELM_09,76,0.25064,0.25884
SELM_09,77,0.17789,0.31604
SELM_09,78,0.00000,0.00000
SELM_09,79,0.00000,0.00000
SELM_09,80,0.67744,0.16032
SELM_09,81,0.02500,0.01562
SELM_09,82,0.15713,0.10410
SELM_09,83,0.00000,0.00000
SELM_09,84,1.00000,0.38566
SELM_09,85,0.06945,0.09729
SELM_09,86,0.67791,0.38282
SELM_09,87,0.33354,0.14360
SELM_09,88,0.22936,0.13443
SELM_09,89,0.79122,0.36528
SELM_09,90,0.47235,0.31539
SELM_09,91,0.19224,0.06207
SELM_09,92,0.49639,0.25034
SELM_09,93,0.27963,0.28905
SELM_09,94,0.07914,0.02962
SELM_09,96,0.00000,0.00000
SELM_09,97,0.42857,0.11498
SELM_09,98,0.19702,0.16469
SELM_09,99,0.19399,0.11439
SELM_09,101,0.12738,0.09070
SELM_09,102,0.03423,0.01250
SELM_09,103,0.78494,0.30927
SELM_09,104,0.32963,0.29462
SELM_09,105,0.26863,0.10420
SELM_09,106,0.00000,0.00000
SELM_09,107,0.24805,0.26050
SELM_09,108,0.57626,0.22408
SELM_09,109,0.05784,0.00568
SELM_09,110,0.04049,0.01705
SELM_09,111,0.22768,0.19214
SELM_09,112,0.00000,0.00000
SELM_09,113,0.00000,0.00000
SELM_09,114,0.02234,0.00625
SELM_09,115,0.00000,0.00000
SELM_09,116,0.19917,0.25329
SELM_09,117,0.17400,0.18184
SELM_09,118,0.30256,0.23287
SELM_09,119,0.09521,0.03899
SELM_09,120,0.00000,0.00000
SELM_09,121,0.14413,0.11235
SELM_09,122,0.05172,0.00446
SELM_09,123,0.23497,0.10554
SELM_09,124,0.22960,0.35240
SELM_09,125,0.01922,0.01562
SELM_09,126,0.00000,0.00000
SELM_09,127,0.41613,0.19017
SELM_09,128,0.19516,0.14485
SELM_09,129,0.00830,0.00893
SELM_09,130,0.14171,0.16367
SELM_09,131,0.04510,0.00481
SELM_09,132,0.07102,0.06250
SELM_09,133,0.31601,0.06343
SELM_09,134,0.00000,0.00000
SELM_09,135,0.29208,0.04202
SELM_09,136,0.00000,0.00000
SELM_09,137,0.39498,0.37730
SELM_09,138,0.52291,0.12689
SELM_09,139,0.20352,0.07909
SELM_09,140,0.00000,0.00000
SELM_09,141,0.24915,0.15285
SELM_09,142,0.79276,0.11913
SELM_09,143,0.00000,0.00000
SELM_09,144,0.08286,0.07422
SELM_09,145,0.18916,0.13495
SELM_09,146,0.44538,0.11743
SELM_09,147,0.48046,0.34027
SELM_09,148,0.31395,0.16798
SELM_09,149,0.35055,0.04002
SELM_09,150,0.00000,0.00000
SELM_09,151,0.07425,0.18978
SELM_09,152,0.00000,0.00000
SELM_09,153,0.11383,0.16474
SELM_09,154,0.16897,0.14076
SELM_09,155,0.00000,0.00000
SELM_09,156,0.02466,0.03548
SELM_09,157,0.16709,0.14462
SELM_09,158,0.11598,0.18920
SELM_09,159,0.52355,0.96808
SELM_09,160,0.00000,0.00000
SELM_09,161,0.02279,0.01562
SELM_09,162,0.24833,0.94102
SELM_09,163,0.17224,0.06309
SELM_09,164,0.12246,0.16068
SELM_09,165,0.00000,0.00000
SELM_09,166,0.00000,0.00000
SELM_09,167,0.00000,0.00000
SELM_09,168,0.53117,0.96808
SELM_09,169,0.00000,0.00000
SELM_09,170,0.00000,0.00000
SELM_09,171,0.17088,0.41931
SELM_09,172,0.16337,0.16727
SELM_09,173,0.15922,0.13775
SELM_09,174,0.37843,0.47770
SELM_09,175,0.12430,0.47045
SELM_09,176,0.00000,0.00000
SELM_09,177,0.00000,0.00000
SELM_09,178,0.19869,0.16385
SELM_09,179,0.00000,0.00000
SELM_09,180,0.02304,0.04748
SELM_09,181,0.04133,0.02864
SELM_09,182,0.34400,0.96774
SELM_09,183,0.02278,0.03171
SELM_09,184,1.00000,0.96808
SELM_09,185,0.19173,0.14636
SELM_09,186,0.01930,0.06928
SELM_09,187,0.00000,0.00000
SELM_09,188,0.01241,0.01042
SELM_09,189,0.00000,0.00000
SELM_09,190,0.01011,0.03125
SELM_09,191,0.00000,0.00000
SELM_09,192,0.00000,0.00000
SELM_09,193,0.15405,0.12519
SELM_09,194,0.19093,0.17613
SELM_09,195,0.03636,0.00446
SELM_09,196,0.11147,0.18865
SELM_09,197,0.06667,0.17613
SELM_09,198,0.00000,0.00000
SELM_09,199,0.12923,0.18439
SELM_09,200,0.35893,0.37527
SELM_09,amean,0.23078,0.15345
