runid,topic,ndcg@20,err@20
SELM_09,1,0.19814,0.18610
SELM_09,2,0.41901,0.19306
SELM_09,3,0.57990,0.36152
SELM_09,4,0.00000,0.00000
SELM_09,5,0.28080,0.15039
SELM_09,6,0.29596,0.13413
SELM_09,7,0.05854,0.02846
SELM_09,8,0.04363,0.01984
SELM_09,9,0.14923,0.12317
SELM_09,10,0.00000,0.00000
SELM_09,11,0.63635,0.34760
SELM_09,12,0.49963,0.35243
SELM_09,13,0.08395,0.03125
SELM_09,14,0.68786,0.24170
SELM_09,15,0.54849,0.24632
SELM_09,16,0.19090,0.06546
SELM_09,17,0.34631,0.25597
SELM_09,18,0.30594,0.10687
SELM_09,19,0.00000,0.00000
SELM_09,21,0.45881,0.34291
SELM_09,22,0.78156,0.36833
SELM_09,23,0.08375,0.03209
SELM_09,24,0.17874,0.08406
SELM_09,25,0.18922,0.13768
SELM_09,26,0.47705,0.24797
SELM_09,27,0.60814,0.31419
SELM_09,28,0.50159,0.21221
SELM_09,29,0.00000,0.00000
SELM_09,30,0.34862,0.16482
SELM_09,31,0.44736,0.22678
SELM_09,32,0.34351,0.29453
SELM_09,33,0.38045,0.30722
SELM_09,34,0.01494,0.00781
SELM_09,35,0.71614,0.38005
SELM_09,36,0.17142,0.09692
SELM_09,37,0.25758,0.06250
SELM_09,38,0.05842,0.03182
SELM_09,39,0.18798,0.13787
SELM_09,40,0.17909,0.20416
SELM_09,41,0.34841,0.22874
SELM_09,42,0.22068,0.05439
SELM_09,43,0.61776,0.21831
SELM_09,44,0.06238,0.04647
SELM_09,45,0.37753,0.32553
SELM_09,46,0.79931,0.37987
SELM_09,47,0.66169,0.35975
SELM_09,48,0.26750,0.20343
SELM_09,49,0.58145,0.21985
SELM_09,50,0.03861,0.02816
SELM_09,51,0.27430,0.19564
SELM_09,52,0.02018,0.01567
SELM_09,53,0.00000,0.00000
SELM_09,54,0.23428,0.13172
SELM_09,55,0.32387,0.17888
SELM_09,56,0.22657,0.08783
SELM_09,57,0.11160,0.15212
SELM_09,58,0.61013,0.29736
SELM_09,59,0.07922,0.10938
SELM_09,60,0.78252,0.26968
SELM_09,61,0.10678,0.03274
SELM_09,62,0.49626,0.22582
SELM_09,63,0.58935,0.38164
SELM_09,64,0.16275,0.08621
SELM_09,65,0.35940,0.13493
SELM_09,66,0.00000,0.00000
SELM_09,67,0.26316,0.08259
SELM_09,68,0.16963,0.08269
SELM_09,69,0.23313,0.14345
SELM_09,70,0.00000,0.00000
SELM_09,71,0.01995,0.01145
SELM_09,72,0.04735,0.06250
SELM_09,73,0.67456,0.28243
SELM_09,74,0.00000,0.00000
SELM_09,75,0.47658,0.18363
SELM_09,76,0.23066,0.16838
SELM_09,77,0.17270,0.28957
SELM_09,78,0.00000,0.00000
SELM_09,79,0.58531,0.31073
SELM_09,80,0.78228,0.16533
SELM_09,81,0.03663,0.03125
SELM_09,82,0.01009,0.00568
SELM_09,83,0.00000,0.00000
SELM_09,84,1.00000,0.38566
SELM_09,85,0.04970,0.05212
SELM_09,86,0.68962,0.33695
SELM_09,87,0.23920,0.08085
SELM_09,88,0.20629,0.11886
SELM_09,89,0.05243,0.08741
SELM_09,90,0.44198,0.29819
SELM_09,91,0.32450,0.10927
SELM_09,92,0.19807,0.02834
SELM_09,93,0.20338,0.15372
SELM_09,94,0.00000,0.00000
SELM_09,96,0.01344,0.00313
SELM_09,97,0.00000,0.00000
SELM_09,98,0.07827,0.04114
SELM_09,99,0.06959,0.02532
SELM_09,101,0.15541,0.10801
SELM_09,102,0.03423,0.01250
SELM_09,103,0.69965,0.20467
SELM_09,104,0.32963,0.29462
SELM_09,105,0.47167,0.14719
SELM_09,106,0.00000,0.00000
SELM_09,107,0.18073,0.13038
SELM_09,108,0.72071,0.37167
SELM_09,109,0.04973,0.00368
SELM_09,110,0.05978,0.02852
SELM_09,111,0.23008,0.30727
SELM_09,112,0.00000,0.00000
SELM_09,113,0.00000,0.00000
SELM_09,114,0.02156,0.00568
SELM_09,115,0.00000,0.00000
SELM_09,116,0.23888,0.27105
SELM_09,117,0.09299,0.11243
SELM_09,118,0.34405,0.27490
SELM_09,119,0.15291,0.05162
SELM_09,120,0.00000,0.00000
SELM_09,121,0.14255,0.07762
SELM_09,122,0.05052,0.00417
SELM_09,123,0.47372,0.22596
SELM_09,124,0.22907,0.35267
SELM_09,125,0.05532,0.06595
SELM_09,126,0.00000,0.00000
SELM_09,127,0.37446,0.18878
SELM_09,128,0.34920,0.15429
SELM_09,129,0.00785,0.00781
SELM_09,130,0.20624,0.31387
SELM_09,131,0.00000,0.00000
SELM_09,132,0.07102,0.06250
SELM_09,133,0.62699,0.15455
SELM_09,134,0.00000,0.00000
SELM_09,135,0.00000,0.00000
SELM_09,136,0.00000,0.00000
SELM_09,137,0.40129,0.38061
SELM_09,138,0.52335,0.12945
SELM_09,139,0.42382,0.13913
SELM_09,140,0.00000,0.00000
SELM_09,141,0.41908,0.28648
SELM_09,142,0.69102,0.09431
SELM_09,143,0.00000,0.00000
SELM_09,144,0.18211,0.14853
SELM_09,145,0.25488,0.22856
SELM_09,146,0.48742,0.12000
SELM_09,147,0.44972,0.31841
SELM_09,148,0.40317,0.27038
SELM_09,149,0.33981,0.03655
SELM_09,150,0.00000,0.00000
SELM_09,151,0.01442,0.07087
SELM_09,152,0.00000,0.00000
SELM_09,153,0.16266,0.17857
SELM_09,154,0.11092,0.08916
SELM_09,155,0.31135,0.20956
SELM_09,156,0.14019,0.16508
SELM_09,157,0.00000,0.00000
SELM_09,158,0.18541,0.21695
SELM_09,159,0.55589,0.96808
SELM_09,160,0.01360,0.00347
SELM_09,161,0.01764,0.00893
SELM_09,162,0.12009,0.31323
SELM_09,163,0.04409,0.07276
SELM_09,164,0.22284,0.19774
SELM_09,165,0.06698,0.13393
SELM_09,166,0.00000,0.00000
SELM_09,167,0.02327,0.03374
SELM_09,168,0.53108,0.96808
SELM_09,169,0.00000,0.00000
SELM_09,170,0.00000,0.00000
SELM_09,171,0.14893,0.30003
SELM_09,172,0.10240,0.10575
SELM_09,173,0.21637,0.11925
SELM_09,174,0.32698,0.31836
SELM_09,175,0.09330,0.29926
SELM_09,176,0.00000,0.00000
SELM_09,177,0.41299,0.10451
SELM_09,178,0.14258,0.24296
SELM_09,179,0.00758,0.00481
SELM_09,180,0.02276,0.04678
SELM_09,181,0.04460,0.03379
SELM_09,182,0.28595,0.52075
SELM_09,183,0.00511,0.00568
SELM_09,184,0.54050,0.96808
SELM_09,185,0.16144,0.12230
SELM_09,186,0.38511,0.14464
SELM_09,187,0.01123,0.00774
SELM_09,188,0.02663,0.02400
SELM_09,189,0.00000,0.00000
SELM_09,190,0.01011,0.03125
SELM_09,191,0.13316,0.21805
SELM_09,192,0.05534,0.13499
SELM_09,193,0.14735,0.10515
SELM_09,194,0.19093,0.17613
SELM_09,195,0.00000,0.00000
SELM_09,196,0.09945,0.13361
SELM_09,197,0.08561,0.28598
SELM_09,198,0.14482,0.16272
SELM_09,199,0.00530,0.02083
SELM_09,200,0.29996,0.23447
SELM_09,amean,0.22793,0.14716
